13716
14664
55431
58433
38047
46991
34917
41286
28508
46067
48380
14213
13699
2686
62494
54983
36248
51356
61950
49280
11021
48733
39943
47586
24067
35389
15499
11494
40800
39300
61306
6262
32217
25698
31341
14161
38061
29769
5788
29882
10242
10546
10519
48119
50946
24516
45069
60996
56678
64208
25159
47167
30480
22144
27579
42619
64892
1909
5617
9959
22938
13256
63740
44111
27179
52214
61504
24769
98
61004
39259
21864
49058
38070
43455
59462
4769
6977
44231
52519
32181
16674
30437
19592
38011
36673
46852
35858
48607
57913
60313
7740
19952
35457
45461
23710
46599
43212
61045
51176
6972
15924
63609
35954
21908
48226
18129
30825
37291
41256
50039
60277
49026
2
59363
13672
60747
31213
59601
17518
16751
32322
23158
39270
44296
15647
39323
3308
44261
12890
36369
46968
39964
56994
58121
9405
42321
10285
59782
7403
18653
64728
888
40766
35424
31083
43585
61257
4686
56633
3332
47920
9163
33363
32986
45978
1804
35272
58088
24568
6326
50366
57525
25029
51555
65350
23045
45405
35374
21592
42942
1389
36289
50225
10302
36154
56697
21333
39556
21430
4544
28888
22937
4274
57390
64245
45124
19400
7039
43305
13638
38106
62808
59302
20904
11778
43532
51450
55288
60651
59416
58524
31816
54317
33034
3046
19522
4716
21888
16165
13369
47900
8928
18956
38101
54762
23715
48672
52264
56473
40474
31565
61398
40234
26900
46667
21473
52870
52165
4813
38313
45554
31051
22623
60464
31361
48621
60620
22761
9927
14258
16931
54914
10122
9871
63798
55404
57676
39494
36850
54715
32115
28835
1387
26493
60446
33302
10334
56593
40970
7687
2071
27588
52297
269
49123
6405
32349
48761
6704
45938
14540
33226
7910
5539
63608
31977
55404
12715
15533
2680
34912
9400
35962
53706
16569
41548
32426
14570
48122
11694
53746
25141
16268
53635
9082
25450
62076
49188
10456
29940
2342
42716
33325
32512
24523
39301
42884
45019
2822
40613
44068
2331
14824
52529
33170
257
47677
4075
40103
14321
155
26107
55177
45232
50000
30812
48673
8683
50622
42756
7588
39474
10460
2769
21873
25087
33381
2374
3638
29378
44596
59483
19946
64463
6466
45652
27235
55125
33698
48899
54003
59359
33543
26642
41540
37623
35331
1188
7760
48465
50610
62588
56220
12530
44012
42898
58517
25570
50159
33730
46273
30469
47757
55781
54082
38438
42514
50742
36696
54604
62726
36774
42641
16693
39498
34544
9477
12988
57561
25410
30448
31825
60933
63250
42558
48695
25262
55009
171
59438
3774
9496
43464
38313
5797
21662
53844
49891
54430
63134
49570
9660
49104
58046
32973
58040
38305
33406
41055
7681
18088
15440
14881
5962
58431
55362
22575
46751
9867
57830
21122
9672
34997
6461
25373
52721
23193
49486
45331
45619
14456
18127
53820
5541
53885
18033
21599
60653
52078
20635
14292
8242
14331
716
32930
51459
13038
48326
40639
41154
22093
39969
35907
54515
17075
47998
10114
39160
50344
24145
43295
36069
28730
38480
45546
33036
36218
40846
31626
8853
2347
13093
20506
45115
27687
8510
51757
17508
1502
53734
7783
27786
58226
47947
5141
25162
35081
17165
33137
4678
57024
60102
25765
19622
21038
38072
47677
46292
51435
20472
20289
52771
58460
39686
13914
29608
857
50019
38618
3886
59208
51132
80
32649
28798
27722
42941
9912
21737
31883
15062
30063
21777
11956
46146
14651
23048
25209
40852
17816
11144
55821
63302
60471
27775
22586
36982
22203
9641
48344
22916
49590
65030
14466
26833
63067
78
42257
31044
9331
24281
4243
25047
28841
32161
57398
56808
35512
55188
24230
35871
23432
21095
33043
62287
6938
48639
38620
5704
47496
37677
3266
17194
43935
19650
31960
22259
39673
46695
45970
17558
51444
21032
55107
54930
52332
4315
26024
1208
45246
24167
41410
58335
62271
18898
26272
56615
53048
63015
10542
5093
12813
42250
32379
26444
23960
29227
27924
27888
4118
10317
35234
56867
13302
41306
47300
57828
59395
37666
62668
10734
48821
63126
42372
12716
37790
55065
42245
58318
19607
2068
40613
13534
25421
16265
59194
47446
38925
27173
36741
8636
45432
49104
17896
47749
33643
31646
39640
21797
35631
61287
36597
18107
32001
36449
39337
48435
63656
4962
59065
32669
58707
62118
42993
6277
26986
13604
32954
25338
7914
53244
13251
56190
43348
44639
31172
61214
42103
25409
56161
45805
36028
49843
23094
65324
40769
11501
58805
18935
13144
55163
64190
57193
64792
55151
18440
12076
23233
39578
57580
62359
62033
8598
64245
29465
47782
61789
44089
11197
10606
58653
55276
57561
52764
55489
55172
28170
40839
26093
22469
32602
48770
30895
58899
36515
20893
29358
21042
24677
24063
35843
3736
59543
27730
33701
19742
41130
16524
59249
39384
11582
42182
61708
572
57926
3071
22922
30184
35258
48787
36445
32851
31127
2212
22164
61975
54395
2076
29751
46349
64076
54593
58082
13070
3798
50090
34520
15203
53517
58014
63190
45483
10539
2330
21339
465
7194
1011
10204
674
41508
43276
12846
47875
968
62152
47586
14327
19455
65483
14698
4768
27072
7720
23857
26828
15614
29560
28174
20313
58459
32331
50354
20251
45667
36383
53050
25206
41344
28408
61672
30295
30608
16825
19193
25709
64232
50264
33854
10518
13635
59739
26662
9563
15275
26362
46460
10026
59119
2045
30088
51022
21872
50481
32099
12512
38581
39581
23090
20422
2479
20763
27860
40765
27276
4287
47026
48360
22996
5116
12564
38007
65407
41838
60087
29226
59200
6325
11245
51970
2587
53325
39707
49042
19052
4215
44499
44260
13704
13165
63632
56765
20138
7698
20563
10302
17611
55254
30044
63566
28238
9587
42851
43306
35887
23567
52428
51063
57665
22061
94
48220
62191
62739
26465
51392
3635
59690
11722
8500
53115
28527
47840
24124
13568
13015
28462
32042
6920
52102
6327
64207
46847
15467
23696
30130
43836
63283
31078
2365
30782
4133
23918
45335
23342
29765
14317
27403
29425
50578
39745
8678
20229
28808
23639
17299
48274
9277
36828
3034
51176
61793
2290
17076
60021
25694
18491
25712
20502
14892
55757
51719
63958
11882
13458
35987
24920
33245
35450
5767
40346
31632
59059
58370
2586
24982
585
4112
6737
25231
28692
25183
32732
9019
64354
32557
42796
11626
10510
13583
65499
15399
54653
12549
41214
19945
35621
23644
55560
